$ANSIBLE_VAULT;1.1;AES256
34353334636462643132623364396132313162626137656561353563306337623666363565316331
3938313632613333323436386463346264323830353737350a333934363964353032396234643438
65666131613261646138643531656363366535616539663939316166353534646235343737373032
6134373364663261620a313561333532646338333231383061646464346438383934343333636263
33363966313830353865613765373264353061376634376438623533366464346433663234326431
34336535373931666665633662613032623366376261323265623266346534343133623136383065
33333036333362626234396566303832393562376630303836326139326332623161656166373039
35386237383463643339643734363462656637383063636263646366656561653835653333323362
38663865343264363838616439396139366232613864633962383333393135333363613435323437
36633161393161653532643762303061303437666233386636303937323633343164623465313430
64626636373432363830626239326234346466623834336337663239373334393731656637646337
63303039373735393561313336313561636262363633393336346630313737663930393934663338
31626366613139393665643530313631623939356331663361363164373631633631333738306231
37643737666339393366376162353666636534383337363735326362356534343364366634656161
38376562623234326436386563326233336138646363343166306130613365623763326463383839
36333565316334636637303834323961326631656265613433333261336561373232383461656165
31663739646430666363303864346463646539646664393538396339326563313236613438656263
39643261393430303338666365333838663036366336353065303738396164393664393434333138
36656538326164333665616233626638313765643931306135383832333338353230353031333366
30323831386535663839313466626366393833326633313162376232663839373133653134306239
34633430363734386462323231326136353365383933383262393032336236633430616139326161
33363537383963313437376635346139373330633132636266383363663538643039326133616331
66663463626166623437333931373334376564336131343663653033363639303231363330636165
61346366386136626434346637373337313437663034326632356230656233306230626632363966
61653437333432663139303261373465333262383762653939333834653961383332373363353637
62633932616562356137313837663838623662623463643139653938366334363330376237386664
62613466623433303938656432343736623139303631333432643765336162303339636233623836
39643361316562313131353566333066656338363262623161636330313632613261393066363338
62336362306232356365393565303530396662346562393036316236626164396530356666353139
65323363363365613737363737613665363032363065396566326632633562373263613930633435
38383034396530343635636139396633616563393163323132353035336365643531633965313863
39336536373239313265363965303438386331313838333261626633306337303061636462306336
61663561323132666264346661383931323662316236653637343039643639623663376133343831
36363534346461313338373732343033313065653139303636613837373937373035303661303064
66383336353934613436353539396232646530613737323235396462646338396664376435663538
63626234306534393333326363323861393836613930393561363264346639353533373265363539
30396434363838646532643264333335633530303963356663636130336537373731393462656663
31376563386639613963646439306436393738396637656635363866336636663566313463646338
36343966646465336462363639396638373033616533633039386438383634336632386237636134
39653138633537323633323137313834636463653266373235346332623861333437356133303431
33323566383662373534643738626336653336376337333834623033373039633161363835363335
36626464633332613866613366636266663631363430663661333561626632343130663834346563
33306236353465626539366430613661636231343430613035326661396132356661396566633964
32393762336138643166653730336137376464323266393561343266353235326439396263313236
39626531613966363363323464386662363063316565363536663631656132613435326637653561
61373934653039336262323830613530343732643464356232343937663562316231323966306530
35303463303536643037623439313730643331616537393835663039333336643436393039653361
39666139663062623834643230343962343939363763353564373861373331316665613636316262
61643837313835646664393663643230613866663163653538666130313031663638306364613334
66353837313365373466343863313262353539353939383134633531656366323337623161336333
35306433323339343564386339656332353638313737643330393536323961353538396164313565
33373766666165373464653963303036353362393331303737323966303135333335356638383036
31376566366330373839313231653262333463626434393338306361623736616434373636653135
36386166663761346162333562626332623332303237613361633738326431356332626665373338
66643338663131613862393562303730383965643334346662623963366166363238636561393663
33363230316365386431346233303734633164396635356663333232396264316463343739366330
37346532323262323739303966383239363637323030636335633264393335346539633338333533
36376538383566303532663261326461333937613066333231353738636638343334613135323933
36363832393536643431363133363063336433393662343030306439363065396530616163396430
31323432356139336566353964316534633833353034646239316138303064316166393639316230
33666632303665623962366230343133343064346435643764376261383234643132353731316264
62366538323931393763313161336262386164653938663334323364366465313532623061376436
35363836313831383339633136356366623137356237373833653130373030376265333331343736
37396461343535313362663739376337653338316565313864666661623365336436383662346232
63363439353339616161356336396334636233663134316562353834343431383963663931336363
38353063323965626334316130633935633131633331643363376161303238646537356566323462
30626237356132626661653634613731346663626636653464306263623239653665663534646234
34316234346337383864373062633030303437616331333139353939363234623437386430323565
35623930623461623638643433663365653762346463383037303964353138376265333731663435
64616137613630663236656566386532356363306430393530633735333539656263363335623436
62376535343862306635626136376433353965313737653765646230333935396264666265386435
39626432353562616439
