$ANSIBLE_VAULT;1.1;AES256
31623439346137633162646539616236663934303534663230633936363765666137373234326661
3563366232626562663964356636653532393434333862320a373131383431353235356430653334
30653534393164346166613536363635633532386366326237623530653762313139386531303066
3262383837623236340a393636336464316531313762643635646431633062623232613164306361
66623439663637323462383337663235623438643731323734356437343763333830636134323766
64343231306664333836303636333335316465396566646162326162316661396266306133616564
30313666633963393161633861643336393839663631393332646165623239643437386237383863
32383731653436373732623262376137653039323664656137623133303664316563333565666433
34616566616236633039663331346163356632633332366265323638346232313364353833666537
35666430663566386130613739393538396331643263306330303532633633613065326236333664
34326663633937313863633363353136663861633665643362353766333239376466393965346236
34373634306233373566356564356237383939326534633661626137666631643564626230656135
65303130363662313464333936663866643663646465623130656432366236393564346631636134
36396366613664346539356363626364623162393564386563666561616230623230333866393963
34363638643166393264396134393436376366343730616530646565613230636562633234646139
34343833643364383231646562653936366236646531663266323864393839646462383338636164
36653334363263396462623833346135393334346366663031303365356230663561623239613033
63616231333135356465323134646639316365663361346164653938386634383530353666326561
66633335636436666238323138633534643638313930393233653163343061386431666233356162
62316231353564613661613531346439623162386131303935336131653135323939643237653835
38356463343531366565323536363735613038373362633366376235633137356139663336306663
64626162303164336132623330393533326165353531366633393561626133636461326337336636
31323931656534643261653838366263386336633032373534363939396362386439303539666562
30613935356462333662366661323466626661633131613339346564383263386563363136356430
31616439376361343262633063353762623838366430376237363561666132323236396662663037
30343361336435626133653834393435663530313332343362393339643863346262316561663061
313738633061336234656633376633643935
