$ANSIBLE_VAULT;1.1;AES256
64633864626166343737313462336231663834363132663336363534366563346261653934653934
6664373838346564636339396433386261313233313036630a393162616665323765383939396164
30363934643636303865316537316531326438346261613039343633346333386164623533386330
3635643636346533360a626261616430393132346435306639316663643734656239366333363263
39333563643135356266653734396366333635393863303263326239363966343538613566653762
32613733663338303336663432373731393163613038366431363539666566363735346561646564
63313331386235656666386130643638323632323930616465636265653964373862383964633134
62366665626131366432303430376136373662346561663739326439336232373539613862313730
65383261323036653137613766306530623137313263643833663931613739643561663932626637
36316230333139386166353830393665373566663134366362616331396663356334393333346661
363331383631613631386437323730353766
