$ANSIBLE_VAULT;1.1;AES256
61636666636362313530356663323863646265386363636532353965633866336337636634373434
6133373166646331313433336363663936333733306438320a343064373632656136376664356164
63656166373534656563383563373332396632336536333832353436323366663737623333376163
3736353038633738340a313565643866366262633435326331376133616333633463353530653937
63646432366538316533376163386161653037353364393138656637666435626636643235396665
64633338363438633134323937366231396366393438363233353161616131313935643235306132
30636236343731353238323435303334363431313038373338386335663536643366386237613630
66613262356663663466393862343939616536633037353865663963383138313930323961333536
31336536636566616164396166376436353764396135336130303036663832396166393631323633
39616164653664373435626631653166363334326434343762333138363433363335376166393861
61626437303135313764646163636431323566633231346362376264346137646466633538623133
61613334363037653738356631393066646139666664326639303564353462386663623536373630
36633736383139333738656361633639656434656230383764386631353030666632656536656539
38336565623335393738373638653035363539383139646431323362656261623562353430303463
33303165373961356131643964623331316363316338353365333462376530653130643431373765
65663431313231666163663062373032363339373832646330333763663431656165393434303561
32373462353064356462623139333939393764373832376361333363636334393633343064383434
39653836613334356330316461666461633131363437386530303435386163663836363636666661
62393263396437343934343839316235383166666364356665373737316164383831313765306233
62303237373531623933663638386132376666376339653338633263616163396264306365376562
37386366383934613931666334623935376662663162316533373466616536303631363665323366
35623536393831643630366366613932373832393839316136643563656361623231636264646264
64663161333337326336663261373864653362346236643965333639333662626231306463333165
30323739346338323436323561396635373064323330306236313934333966336164613136663138
34633331346563643265306338343239336631303435386531353630363030633636393064376138
36616565376365623066626230646539616363663361643263303263643431393830356533303637
383330363532386339333636613065646438
